100008 100001 500.00
100001 100005 120.56
100007 100002 28.99
100005 100009 355.04
100010 100001 327.12
100001 100005 1000.00
100004 100003 75.84
100006 100007 10.00
100007 100010 34.76
100002 100003 326.37
100006 100009 80.00
100003 100001 20.56
100009 100004 346.70
100001 100006 136.65
100007 100010 23.35
100010 100002 1000.00
100009 100010 105.84
100004 100009 20.00
100003 100005 35.56
100007 100002 1326.37
100010 100008 120.56
100001 100003 50.00
100008 100007 28.00
100002 100001 355.04
100009 100006 327.99
100003 100004 230.00
100010 100005 75.84
100001 100002 100.00
100007 100004 34.76
100005 100008 267.65